0.0 0.008658311051069456
0.005 0.009098020622182235
0.01 0.009566921501309777
0.015 0.010067364535321033
0.02 0.010601917354544549
0.025 0.011173385943262393
0.03 0.011784838323002894
0.035 0.012439630504331056
0.04 0.01314143485391367
0.045 0.01389427100552143
0.05 0.014702539412935922
0.055 0.015571057595059196
0.06 0.016505099053236022
0.065 0.017510434740720254
0.07 0.01859337682531828
0.075 0.019760824297278323
0.08 0.02102030972168417
0.085 0.02238004610131808
0.09 0.023848972382558453
0.095 0.025436795580872834
0.1 0.027154026799092706
0.105 0.029012007535234724
0.11 0.03102292160320072
0.115 0.0331997867012776
0.12 0.03555641815484395
0.125 0.03810735564883028
0.13 0.040867741907052
0.135 0.04385314038000393
0.14 0.047079277259292646
0.145 0.05056169183927922
0.15 0.05431527881714324
0.155 0.05835370712755869
0.16 0.06268870304995584
0.165 0.0673291913962783
0.17 0.07228029835602985
0.17500000000000002 0.07754223360243624
0.18 0.08310908761645998
0.185 0.08896760209393316
0.19 0.09509599481353992
0.195 0.10146294211615497
0.2 0.10802683754467485
0.20500000000000002 0.11473544888393256
0.21 0.12152608295340209
0.215 0.12832633524619477
0.22 0.13505545079326378
0.225 0.14162625910127208
0.23 0.14794757974328598
0.23500000000000001 0.15392693877989755
0.24 0.1594734015799607
0.245 0.16450032252305177
0.25 0.16892783752540608
0.255 0.17268497518617276
0.26 0.17571132503755527
0.265 0.17795826321443492
0.27 0.17938978459530724
0.275 0.17998301799086858
0.28 0.17972850446927624
0.285 0.17863030069705974
0.29 0.17670593548243502
0.295 0.17398620724371283
0.3 0.17051477259161818
0.305 0.16634745089017233
0.31 0.16155116395688926
0.315 0.15620244801608754
0.32 0.15038551595663022
0.325 0.14418990582223695
0.33 0.1377078154436433
0.335 0.1310312796991007
0.34 0.12424938320983185
0.34500000000000003 0.11744570870224166
0.35000000000000003 0.11069619787920756
0.355 0.10406755268843258
0.36 0.09761624099787905
0.365 0.09138810465147824
0.37 0.08541851108857598
0.375 0.079732949706166
0.38 0.07434795366802585
0.385 0.06927222543150308
0.39 0.06450785562419242
0.395 0.06005154474055516
0.4 0.05589576042544395
0.405 0.05202978597147895
0.41000000000000003 0.04844063558396519
0.41500000000000004 0.04511382775503933
0.42 0.04203401951411767
0.425 0.039185511785337634
0.43 0.03655264029866789
0.435 0.03412006827016448
0.44 0.03187299713515593
0.445 0.02979731060926724
0.45 0.02787966574513434
0.455 0.02610754279001587
0.46 0.024469263759124754
0.465 0.02295398786039493
0.47000000000000003 0.021551690313107302
0.47500000000000003 0.02025312972594298
0.48 0.01904980804222925
0.485 0.017933926107579545
0.49 0.016898337145592718
0.495 0.015936499815388555
0.5 0.01504243204516284
0.505 0.014210666465132082
0.51 0.013436207980394826
0.515 0.012714493811544991
0.52 0.012041356173429052
0.525 0.011412987648033113
0.53 0.010825909226240188
0.535 0.010276940937235024
0.54 0.009763174947440445
0.545 0.00928195098818213
0.55 0.008830833959030837
0.555 0.008407593549068282
0.56 0.008010185718958895
0.565 0.0076367358910181815
0.57 0.007285523701199281
0.575 0.006954969175153453
0.58 0.006643620199577399
0.585 0.006350141169455786
0.59 0.006073302701203348
0.595 0.005811972310858976
0.6 0.005565105965245815
0.605 0.005331740422274911
0.61 0.0051109862842901865
0.615 0.004902021695505826
0.62 0.0047040866211705
0.625 0.004516477652121487
0.63 0.004338543283889329
0.635 0.004169679624511369
0.64 0.004009326489740311
0.645 0.0038569638484316215
0.65 0.0037121085845901736
0.655 0.0035743115458903296
0.66 0.003443154851487218
0.665 0.0033182494346362945
0.67 0.0031992327980668867
0.675 0.0030857669622404438
0.68 0.0029775365885807425
0.685 0.0028742472615302106
0.6900000000000001 0.0027756239148623296
0.6950000000000001 0.0026814093891074087
0.7000000000000001 0.002591363108220529
0.705 0.002505259864770293
0.71 0.002422888703956877
0.715 0.00234405189769471
0.72 0.002268564000828671
0.725 0.0021962509823021115
0.73 0.0021269494247702636
0.735 0.002060505786761091
0.74 0.0019967757220310245
0.745 0.0019356234512591663
0.75 0.0018769211816679898
0.755 0.0018205485705581337
0.76 0.0017663922291124012
0.765 0.0017143452631458722
0.77 0.0016643068477818768
0.775 0.0016161818332951772
0.78 0.00156988037961181
0.785 0.0015253176171712568
0.79 0.0014824133320571198
0.795 0.001441091673483691
0.8 0.0014012808818881506
0.805 0.0013629130360280073
0.81 0.0013259238176193677
0.8150000000000001 0.001290252292171834
0.8200000000000001 0.0012558407047911502
0.8250000000000001 0.0012226342898201403
0.8300000000000001 0.001190581093281684
0.835 0.001159631807173045
0.84 0.001129739614736447
0.845 0.0011008600459022633
0.85 0.0010729508421653267
0.855 0.0010459718302127108
0.86 0.0010198848036765407
0.865 0.0009946534124328221
0.87 0.0009702430589131339
0.875 0.000946620800937964
0.88 0.0009237552606163046
0.885 0.0009016165388921471
0.89 0.0008801761353504911
0.895 0.0008594068729232407
0.9 0.000839282827163168
0.905 0.0008197792597793574
0.91 0.0008008725561481356
0.915 0.0007825401665365606
0.92 0.0007647605507933863
0.925 0.0007475131262802692
0.93 0.0007307782188331058
0.935 0.0007145370165569098
0.9400000000000001 0.0006987715262730398
0.9450000000000001 0.0006834645324494959
0.9500000000000001 0.0006685995584566895
0.9550000000000001 0.0006541608300031088
0.96 0.0006401332406139049
0.965 0.0006265023190258345
0.97 0.0006132541983804585
0.975 0.0006003755871049898
0.98 0.0005878537413784579
0.985 0.0005756764390866809
0.99 0.0005638319551766469
0.995 0.0005523090383275364
1.0 0.0005410968888586165
